Shapes Console

RectangleImpl(width=10, height=20, area=200, color=red)
RhombusImpl(p=14.1421356237, q=14.1421356237, area=99.99999999956229, color=green)
SquareImpl(side_length=10, width=10, height=10, p=14.1421356237, q=14.1421356237, area=100, color=blue)
UnitCircleImpl(area=3.14159, radius=1.0, color=Blue)
RedUnitCircleImpl(color=Red, area=3.14159, radius=1.0)
